3102_edugame2023_a89bbb1e6e5c43a88b870812ac4ad290_656f0d66d982401798a2e036108e6b2e.wav
index:  [0]
0 0 2 1 2 0 2 2 2 2 2 2
2 0 2 1 2 0 2 2 2 2 2 2

3102_edugame2023_a89bbb1e6e5c43a88b870812ac4ad290_67944537b87145f3b18704e4a72ffff9.wav
index:  [4]
0 2 0 2 0 2 2 0 2 2 2 2
0 2 0 2 2 2 2 0 2 2 2 2

3103_edugame2023_0828b44e3f534a3eb509622760a0e1d2_8de70d7c0f444db1a8e2b83689e62a72.wav
index:  [10]
0 0 0 1 2 0 1 0 0 2 2 NA
0 0 0 1 2 0 1 0 0 2 0 NA

3104_edugame2023_588d60e779d44eaab0ca27d3ae5d5377_80e36fa4440546b79cda01a8c86dc158.wav
index:  [8]
1 2 1 0 2 1 0 0 0 0 2 2
1 2 1 0 2 1 0 0 1 0 2 2

3105_edugame2023_07531a04f5da42c2b72d54866f3f595d_4aba4aa857b54871b7e2eb6f4d25e80e.wav
index:  [2]
2 0 0 2 0 1 1 1 0 2 1 1
2 0 2 2 0 1 1 1 0 2 1 1

3107_edugame2023_66a9dee045c844c0a31d803c4992414c_3453b2a9513d41fdba7a85293ce23bc8.wav
index:  [2]
0 0 2 0 2 2 0 0 0 0 1 1
0 0 0 0 2 2 0 0 0 0 1 1

3107_edugame2023_be0856858d14475cacba8a3f255fd883_2ea2d5dea4844fff91e9da4f4480a7c5.wav
index:  [4]
2 0 1 0 0 1 0 1 1 0 1 0
2 0 1 0 2 1 0 1 1 0 1 0

3108_edugame2023_f4922707ff73491a85766bbcd62ef92f_825cd09d574f4fdf9ee839688959b02b.wav
index:  [4]
1 2 1 1 0 0 2 1 2 2 1 1
1 2 1 1 1 0 2 1 2 2 1 1

3109_edugame2023_36a8df2696404c11985b72bc9a41bd72_b22375be8cd044fd822522448b6f2078.wav
index:  [4, 11]
0 0 0 0 0 2 1 1 2 1 1 1
0 0 0 0 2 2 1 1 2 1 1 0

3110_edugame2023_98b26f17034f480a97b33384488bb831_575fcc0e5d2b421089138c4870a1387b.wav
index:  [3, 4]
2 0 2 NA NA 0 2 2 2 2 0 2
2 0 2 0 0 0 2 2 2 2 0 2

3112_edugame2023_5f56cedcb0f047fc85785bd719a51f42_e92c164d1b6d43ff84fc59feb2b3056d.wav
index:  [4]
1 2 0 0 0 0 1 1 2 1 1 1
1 2 0 0 2 0 1 1 2 1 1 1

3112_edugame2023_fec4cb08cf8b4da4a0b0e261355b8b04_a5a3ecc7137e4cf6903dd133009505da.wav
index:  [4]
2 1 2 1 0 0 2 1 2 1 0 2
2 1 2 1 1 0 2 1 2 1 0 2

3112_edugame2023_fec4cb08cf8b4da4a0b0e261355b8b04_cf7f930f8e164ed38c0e23ac64e5300f.wav
index:  [3]
1 1 1 0 1 1 0 0 1 2 1 1
1 1 1 1 1 1 0 0 1 2 1 1

3113_edugame2023_0385ca5e0f6444e4819f5d86f05582b9_6787501bf73d49f2b958251ee9bf7772.wav
index:  [4]
0 2 2 1 0 0 0 1 2 1 2 0
0 2 2 1 2 0 0 1 2 1 2 0

3113_edugame2023_7af04fcb30e64587a52028127d0945e1_d058a86f97344f4a8c0c4ddb2dbb8bbc.wav
index:  [6, 10]
2 2 2 2 2 2 2 1 2 1 2 1
2 2 2 2 2 2 0 1 2 1 0 1

3116_edugame2023_89f6ac5bf97e43c88f18035ac225e9d5_b976d2ed79a348c0808c814033d87373.wav
index:  [4]
1 2 1 0 0 0 2 2 2 2 2 1
1 2 1 0 2 0 2 2 2 2 2 1

3118_edugame2023_6696abc1820842a9b18f74099089feb1_638370b1ff344568a146e2f327c46129.wav
index:  [2, 5]
1 1 0 0 1 1 0 1 1 2 1 1
1 1 1 0 1 0 0 1 1 2 1 1

3118_edugame2023_e91d71caa50349668764166123049251_ff91396e70a746f697c0015085a86382.wav
index:  [5]
2 1 2 1 1 2 1 1 1 2 1 2
2 1 2 1 1 0 1 1 1 2 1 2

3119_edugame2023_961f25cb239c493f8dc868646059fe60_627da4da957642ef9d1144ae4c4aa812.wav
index:  [0, 1, 2, 3, 4, 5, 6, 7, 8, 9, 10, 11]
NA NA NA NA NA NA NA NA NA NA NA NA
0 0 0 0 0 0 0 0 0 0 0 0

3119_edugame2023_961f25cb239c493f8dc868646059fe60_9591d5e9a5f9452a811d48d4395f3a57.wav
index:  [0, 1, 2, 3, 4, 5, 6, 7, 8, 9, 10, 11]
NA NA NA NA NA NA NA NA NA NA NA NA
0 0 0 0 0 0 0 0 0 0 0 0

3119_edugame2023_961f25cb239c493f8dc868646059fe60_bd422dbdc0554417985de26a5770fdbd.wav
index:  [0, 9]
0 0 0 0 0 0 0 0 0 0 0 0
2 0 0 0 0 0 0 0 0 1 0 0

3119_edugame2023_961f25cb239c493f8dc868646059fe60_f56a5c77a5b84723a9622cce8a6942cb.wav
index:  [0, 1, 2, 3, 4, 5, 6, 7, 8, 9, 10, 11]
NA NA NA NA NA NA NA NA NA NA NA NA
0 0 0 0 0 0 0 0 0 0 0 0

3120_edugame2023_b721db1d2d434c4aac93a9f1f02675a1_fff5616c75da461bab23d4ce0e4ec89e.wav
index:  [5, 8, 9, 10]
0 1 1 2 1 1 2 0 NA NA NA 1
0 1 1 2 1 0 2 0 0 0 0 1

3122_edugame2023_3be313a8ce4a434db266984e70d2a4c2_e4876b91f09a45cc8f22d069d2ef4bfb.wav
index:  [2, 5]
2 1 2 1 2 2 2 1 1 2 2 2
2 1 0 1 2 0 2 1 1 2 2 2

3122_edugame2023_3be313a8ce4a434db266984e70d2a4c2_fb654d13e17142cf8c43a1ee063176c4.wav
index:  [11]
2 2 2 1 2 2 1 1 2 1 2 2
2 2 2 1 2 2 1 1 2 1 2 0

3123_edugame2023_ed7457aea96d4e2c8a6e4ee80fd5e3df_658c356d48554de9b69e5269dfc5dea5.wav
index:  [0]
2 0 1 2 2 2 1 1 0 1 1 1
0 0 1 2 2 2 1 1 0 1 1 1

3124_edugame2023_18edc219fc3d4729ab3515e7492fc4f6_a3010e7143e3471ba2a8e8b1731dfc37.wav
index:  [11]
2 0 1 1 2 2 2 1 2 1 2 2
2 0 1 1 2 2 2 1 2 1 2 0

3124_edugame2023_87ed835bdfdb4aee899c740aa4b57fe6_2654d8860332463ab942c11e1aad6842.wav
index:  [5, 6]
1 1 1 0 2 1 2 1 1 2 0 1
1 1 1 0 2 0 0 1 1 2 0 1

3126_edugame2023_55c34c2b94ca47ad8bd6c1c7859bc05b_c3c3816b698b4b67b7672b2b9c0f8b2f.wav
index:  [4]
2 2 1 1 0 2 1 2 2 2 1 2
2 2 1 1 1 2 1 2 2 2 1 2

3126_edugame2023_ae07363f93e743c299d616007b70d660_3c8893aebc7e4cdc9ae634dfa23e8c2f.wav
index:  [3]
1 1 1 0 2 1 2 1 1 2 1 1
1 1 1 1 2 1 2 1 1 2 1 1

3128_edugame2023_36acda532dc148028f51cdd85bb6b95e_3047877b054d459388ed60d1f9a20a34.wav
index:  [7]
0 0 0 0 2 2 1 1 1 0 0 1
0 0 0 0 2 2 1 0 1 0 0 1

3128_edugame2023_82c20123a6c442d694684534d91d412e_35a469cabd08450a832cf766e0941848.wav
index:  [7]
0 0 0 0 2 2 2 2 1 0 1 1
0 0 0 0 2 2 2 0 1 0 1 1

3128_edugame2023_82c20123a6c442d694684534d91d412e_4e98f5b076fc42048c41db455bc2c0cd.wav
index:  [9]
0 1 0 1 1 2 1 2 1 2 1 1
0 1 0 1 1 2 1 2 1 0 1 1

3131_edugame2023_a09772482d4b41fea7d3bbfe5ae07fdd_46be4190f00f42bea29464851e0c04c7.wav
index:  [4]
2 2 2 2 2 2 2 2 2 2 1 2
2 2 2 2 0 2 2 2 2 2 1 2

3132_edugame2023_89b977c8c8e74f5eb7bfa876e91ec4d1_082c315583e0439ba775f7dcea87d8f9.wav
index:  [4]
2 2 2 1 1 2 1 2 1 2 1 1
2 2 2 1 0 2 1 2 1 2 1 1

3132_edugame2023_b449103cfa22459cb6de589ffa13aa62_592e1cdddc614724ac81d9cccddda448.wav
index:  [3]
2 1 2 1 2 1 2 1 2 1 2 2
2 1 2 0 2 1 2 1 2 1 2 2

3133_edugame2023_0a8a60472990403fa70e5a559648c7ce_25cee15bad1b46ca8967517085988772.wav
index:  [10]
2 1 2 1 2 0 0 0 0 0 2 2
2 1 2 1 2 0 0 0 0 0 0 2

3133_edugame2023_0a8a60472990403fa70e5a559648c7ce_f97406964e6245009f42f479fbeb33c9.wav
index:  [3]
0 0 0 0 2 0 0 0 1 2 0 0
0 0 0 1 2 0 0 0 1 2 0 0

3133_edugame2023_93882b30e4034fd68d3f18defa3036c9_9475693080594ef392bfae49803b7170.wav
index:  [4]
2 2 0 0 0 0 1 2 0 2 1 1
2 2 0 0 2 0 1 2 0 2 1 1

3133_edugame2023_f64c839767674e66ab4e28a0cacdaf36_e2e8f199b7b04831b2399285025cb1b0.wav
index:  [0, 1, 2, 3]
NA NA NA NA 2 2 1 1 1 1 1 1
0 0 0 0 2 2 1 1 1 1 1 1

3134_edugame2023_0db2300e7109430a8aafef6d7a2cd92d_234b7145360c40be9ce23cbe51d21990.wav
index:  [9, 11]
0 0 0 0 0 0 0 0 0 1 0 0
0 0 0 0 0 0 0 0 0 0 0 1

3134_edugame2023_0db2300e7109430a8aafef6d7a2cd92d_89ffa85225484a8ab3daa984350e3cc3.wav
index:  [8]
0 0 0 0 0 0 0 0 0 0 0 0
0 0 0 0 0 0 0 0 2 0 0 0

3134_edugame2023_7c57021b806a4addbc5cb91643221eb8_74d5c8823ec041f8818c161d30b6d981.wav
index:  [4, 5, 7]
2 1 1 0 0 1 0 0 NA NA NA NA
2 1 1 0 2 0 0 1 NA NA NA NA

3134_edugame2023_ea2a9b68b91b4ad299f16e96eee878c9_d631619f8a824f63ba65b142c02261f5.wav
index:  [11]
2 1 2 0 1 1 0 1 0 0 0 0
2 1 2 0 1 1 0 1 0 0 0 1

3135_edugame2023_ad7276fdb1da453195b94afa486a532e_78a5a3dc11a0404295e533ae34d735c1.wav
index:  [6]
1 1 1 1 2 0 2 0 0 2 0 1
1 1 1 1 2 0 0 0 0 2 0 1

3136_edugame2023_0976d0afd1434ee29aa96432fb62c065_7153c9ed6925405d9602c5e2be26f836.wav
index:  [3]
2 1 2 2 1 0 1 1 1 2 1 1
2 1 2 0 1 0 1 1 1 2 1 1

3137_edugame2023_feeca3cffec9432aa8bbe547d03e6768_5a74aa8ec5cd446ea04e5fbf87ccb4e2.wav
index:  [4, 11]
2 1 1 1 2 1 1 1 1 1 1 2
2 1 1 1 0 1 1 1 1 1 1 0

3138_edugame2023_75285312c1be4e859b964aa0f6164829_5f5febf8ea034755b15a46e453252548.wav
index:  [4, 5, 6, 7]
0 2 0 0 0 0 2 1 2 0 1 1
0 2 0 0 2 2 1 0 2 0 1 1

3138_edugame2023_75285312c1be4e859b964aa0f6164829_fa3f6dcfe666401bb2686372342a1a77.wav
index:  [10]
2 2 2 1 2 2 1 1 2 0 1 1
2 2 2 1 2 2 1 1 2 0 2 1

3138_edugame2023_836a7c928cc5487a810d9f52ca191fff_22cfe896e57e439e8bb03bb2e0d266e9.wav
index:  [1]
0 1 1 1 2 0 0 1 1 2 1 0
0 0 1 1 2 0 0 1 1 2 1 0

3142_edugame2023_995a062e795344399345ca844258dd24_e755fd4f05824dce98bf58da6dc1d533.wav
index:  [3]
0 1 1 0 0 0 0 1 1 2 2 0
0 1 1 1 0 0 0 1 1 2 2 0

3142_edugame2023_b5e0a9ac5743470eb758689a59610bab_263eb090f96d40b291d03bcf33c7b853.wav
index:  [4]
1 2 1 0 0 2 1 0 2 0 1 0
1 2 1 0 2 2 1 0 2 0 1 0

3143_edugame2023_c7acb8b9615147deb6f1032edf65aea6_bbc5de71369b446781e5b2db08d9982a.wav
index:  [9]
2 1 2 1 1 1 1 2 1 2 1 1
2 1 2 1 1 1 1 2 1 0 1 1

3146_edugame2023_5878449100f84a06bf14808403ed5aa5_ad1d3935fdd04d67b660f7dcfa9ca946.wav
index:  [10]
2 1 2 1 1 2 1 2 2 2 1 1
2 1 2 1 1 2 1 2 2 2 0 1

3147_edugame2023_650080f2882548949fbcdac62d326398_abda90f781894d9e9f270ae57df14859.wav
index:  [5]
2 1 2 0 1 2 1 1 1 2 1 1
2 1 2 0 1 0 1 1 1 2 1 1

3149_edugame2023_20f14ca1e76f4491b45171d370ecb639_64ac10c2e7504def9f58a6fc694cfa88.wav
index:  [4, 5]
0 0 0 0 NA NA 0 0 0 0 0 0
0 0 0 0 0 0 0 0 0 0 0 0

3149_edugame2023_20f14ca1e76f4491b45171d370ecb639_6a2b799f094f44978097c25738128594.wav
index:  [2, 3, 4, 5, 6, 7, 8, 9, 10, 11]
0 0 NA NA NA NA NA NA NA NA NA NA
0 0 0 0 0 0 2 0 0 0 0 0

3149_edugame2023_20f14ca1e76f4491b45171d370ecb639_842363206b27493caa4a32544a414db9.wav
index:  [0, 1, 2, 3, 4, 5, 6, 7, 8, 9, 10, 11]
NA NA NA NA NA NA NA NA NA NA NA NA
0 0 0 0 0 0 0 0 0 0 0 0

3150_edugame2023_240808cfc18e48f99c46e6e1e99f729c_09dcaaac4fd74c16a1ef4a50b0d09938.wav
index:  [7]
2 1 2 0 2 0 0 0 0 0 2 0
2 1 2 0 2 0 0 1 0 0 2 0

3151_edugame2023_60c1231162604cd9ad81ca6c717ca38e_f1d17b44efa84ba58048f071195bf066.wav
index:  [4]
0 1 2 0 0 1 0 1 0 0 0 0
0 1 2 0 2 1 0 1 0 0 0 0

3151_edugame2023_d6c5161da4574457a60316db57b34091_15fd37735fcd4fdc8e071b22d97c546f.wav
index:  [11]
2 1 0 0 0 0 0 0 1 2 1 1
2 1 0 0 0 0 0 0 1 2 1 0

3151_edugame2023_d6c5161da4574457a60316db57b34091_e417102f4a824be9bb78c270cd43047e.wav
index:  [4]
0 2 1 1 0 0 1 0 0 1 1 1
0 2 1 1 2 0 1 0 0 1 1 1

3153_edugame2023_81a1a5161ad646d891e3f063b3daf5db_dce7959776254afebfd755c5ed5a6ed4.wav
index:  [4]
1 2 1 0 0 2 1 1 2 2 0 0
1 2 1 0 2 2 1 1 2 2 0 0

3154_edugame2023_6f2f0b6def074574b980cbfa9fb0a6c2_440549efdd1147828247fa2f2b90094e.wav
index:  [4]
2 1 2 1 0 1 0 1 2 1 0 2
2 1 2 1 2 1 0 1 2 1 0 2

3154_edugame2023_97f7b8ef25424b84b9ab6ba16d5789a9_8d32dce006d047399b97a5dba155d2bc.wav
index:  [4]
0 2 1 0 0 0 1 1 2 2 0 1
0 2 1 0 2 0 1 1 2 2 0 1

3155_edugame2023_1c253050f444471e96fa6ff5bcc2914b_08ab65d9dbbe402f98e5235aee2100e2.wav
index:  [10]
2 2 2 2 2 2 1 0 1 1 1 0
2 2 2 2 2 2 1 0 1 1 2 0

3155_edugame2023_1c253050f444471e96fa6ff5bcc2914b_2a4565cd327b4f509b5fb574bf74126f.wav
index:  [0, 1, 2, 3, 4, 5, 6, 7, 8, 9, 10, 11]
NA NA NA NA NA NA NA NA NA NA NA NA
0 0 0 0 0 0 0 0 0 0 0 0

3156_edugame2023_69e23093217145eba7a416d611681746_3ee42ab5b38942ddb190c3e24259b996.wav
index:  [8]
0 0 1 1 2 0 1 1 2 2 0 0
0 0 1 1 2 0 1 1 0 2 0 0

3158_edugame2023_a6fc181fb45d49fcb199afc489ee08bd_adbe989158fc4a419176d723c1cfa539.wav
index:  [1]
2 1 2 1 1 1 0 0 1 2 0 1
2 0 2 1 1 1 0 0 1 2 0 1

3158_edugame2023_a6fc181fb45d49fcb199afc489ee08bd_b67f57e9e53d46eb8e3768d62669fdf3.wav
index:  [7]
1 0 0 0 0 0 1 1 0 0 1 1
1 0 0 0 0 0 1 0 0 0 1 1

3161_edugame2023_4933e55ea2f94c7db8b251700251efa8_d2f368373e414e3babfc889026cf9a3b.wav
index:  [4]
2 2 2 1 0 NA NA NA NA NA NA NA
2 2 2 1 NA NA NA NA NA NA NA NA

3161_edugame2023_4933e55ea2f94c7db8b251700251efa8_e81515d80936481ea3f8bb0c6678a838.wav
index:  [5]
0 2 0 2 2 NA NA NA NA NA NA NA
0 2 0 2 2 2 NA NA NA NA NA NA

3161_edugame2023_9889b3877b724fb0abdce7aa9c0daffc_40d32e51119449f685d7a10184e6cee2.wav
index:  []
2 0 1 0 1 2 NA NA NA NA NA NA NA
2 0 1 0 1 2 NA NA NA NA NA NA

3161_edugame2023_9889b3877b724fb0abdce7aa9c0daffc_bdecae677dfd40e3b57da44a4ca89e92.wav
index:  [2, 3, 5, 6]
0 0 1 0 0 2 0 0 NA NA NA NA
0 0 0 1 0 0 2 0 NA NA NA NA

3163_edugame2023_8fbea0eeb07c4954b112f0ef6ace39bb_f9f55693d52e494ab83fa9fccdbefe57.wav
index:  [4]
2 1 2 0 0 0 0 2 0 0 2 2
2 1 2 0 2 0 0 2 0 0 2 2

3164_edugame2023_225fccf42a5a475da551fd2123742bc2_c3e2440f497e48c1b9640003ad846046.wav
index:  [1, 8, 9, 10]
0 1 0 0 0 0 0 1 NA NA NA 1
0 0 0 0 0 0 0 1 0 0 0 1

3165_edugame2023_6942c59249e34fb08ec4a61abbd292a4_e5be0122bb454f61920698c52e4a7039.wav
index:  [3]
2 1 0 1 2 0 2 2 2 1 2 1
2 1 0 0 2 0 2 2 2 1 2 1

3166_edugame2023_62637e42d1a94884a1c0d18afc3945e2_37afd57e0d684cb0a3490a70b46c9337.wav
index:  [7]
0 1 1 0 2 2 1 1 0 0 1 1
0 1 1 0 2 2 1 0 0 0 1 1

3167_edugame2023_3fd5c48761fa49dd8a3deecefd6c22a9_81caf06cc4124d20a088d75d3fa14e96.wav
index:  [0, 1, 2, 3, 4, 5, 6, 7, 8, 9, 10, 11]
NA NA NA NA NA NA NA NA NA NA NA NA
0 0 0 0 0 0 0 0 0 0 0 0

3168_edugame2023_cb46de4d65bc480592cc7d6ea9ac9680_2c4be9f0275c41f6a51d933616d894e8.wav
index:  [5]
1 1 1 0 2 2 1 1 1 1 1 0
1 1 1 0 2 0 1 1 1 1 1 0

3170_edugame2023_0b6517dc75e045bc80b12885db3b3d34_383e476a32af4692b5e6a864d89be4f2.wav
index:  [7]
2 2 0 0 2 0 2 2 2 2 2 2
2 2 0 0 2 0 2 0 2 2 2 2

3170_edugame2023_26baeb925380407693b411dbc0a2bfde_9b8f176da3f94fbea536815cf64bb8f3.wav
index:  [8]
2 2 2 2 2 2 2 0 0 2 0 2
2 2 2 2 2 2 2 0 1 2 0 2

3171_edugame2023_4dc9b379c29f47ddbbb98c753f1d1a97_e7e499faac594e55b2d40a7949f7a30b.wav
index:  [4]
2 0 0 1 0 0 0 0 0 1 0 0
2 0 0 1 2 0 0 0 0 1 0 0

3171_edugame2023_e7454e6adb2743c0aec229e7a29c763b_dc888d319ecf4cd59d4d2ee281fe6bf1.wav
index:  [4]
0 0 0 0 0 0 2 0 0 2 0 0
0 0 0 0 2 0 2 0 0 2 0 0

3172_edugame2023_07722e10a9c84a679c091cfaf5819093_53e10dd5f298400b8434b72b6867be7f.wav
index:  [4]
2 2 2 0 0 2 2 2 2 2 2 2
2 2 2 0 2 2 2 2 2 2 2 2

3172_edugame2023_c769b984c5c949a7beb588985a696564_c4e84ace2fb8492bae07a8c3bc399d6b.wav
index:  [3]
1 2 2 0 2 1 1 1 2 2 1 2
1 2 2 1 2 1 1 1 2 2 1 2

3173_edugame2023_8dde67cc5c9b455b94ac7eed2e8ded64_fdc68d380c0b4b429f9f36b48bd1cfd3.wav
index:  [8]
0 1 0 0 0 1 0 1 0 0 0 0
0 1 0 0 0 1 0 1 1 0 0 0

3176_edugame2023_4d188f5ff6ba4195ab4d23d5e21a6d47_afc3adbeb3894c78b631c8156e5eb873.wav
index:  [5]
2 1 2 1 2 2 1 1 1 2 1 1
2 1 2 1 2 0 1 1 1 2 1 1

3176_edugame2023_80b558ce175c49b38474d4751b1d9d1d_9ec5fe2662f542c8bfe3a4070864d36e.wav
index:  [5]
2 0 2 1 1 1 1 1 1 2 1 1
2 0 2 1 1 0 1 1 1 2 1 1

3177_edugame2023_4e6107c4aac043c592aa870d006b95e9_2b35c4e3177e4ac2a2482db1eac9e961.wav
index:  [3, 4, 5, 6, 7]
0 0 2 NA NA NA NA NA 0 0 0 0
0 0 2 0 0 0 0 0 0 0 0 0

3177_edugame2023_4e6107c4aac043c592aa870d006b95e9_ac3898867ec24397b8c3ef87fa7082d5.wav
index:  [2]
2 1 2 0 1 0 0 2 0 0 0 1
2 1 0 0 1 0 0 2 0 0 0 1

3178_edugame2023_688bc9b8361f44cfaeaf8d039216955f_0e21f0ff8fd3449c9eec7e0ff5ee4657.wav
index:  [2]
0 1 2 1 2 1 1 1 2 1 0 2
0 1 0 1 2 1 1 1 2 1 0 2

3179_edugame2023_dd6c3eecbe7749bfb77a984d770c8373_a4526d2324e047b991d5f281f36c4ae3.wav
index:  [1, 5, 11]
2 2 2 1 2 2 2 2 2 1 2 2
2 0 2 1 2 0 2 2 2 1 2 0

3180_edugame2023_954e1af83a994241a3bfe5d1954f7b6c_7e890ace52b84928a6e1790ee95b9d31.wav
index:  [4]
1 2 0 1 0 0 2 2 2 2 1 1
1 2 0 1 2 0 2 2 2 2 1 1

3180_edugame2023_954e1af83a994241a3bfe5d1954f7b6c_d33d0fbb5f124451b6c67da40ba46edc.wav
index:  [5, 6]
2 2 2 1 2 2 2 1 2 2 1 2
2 2 2 1 2 0 0 1 2 2 1 2

3180_edugame2023_b675b2e3c3e9441f9decfc9033ac57d9_9c9451a6fd554034869ec7dccac0c399.wav
index:  [6]
2 1 2 1 1 1 2 1 2 0 2 NA
2 1 2 1 1 1 0 1 2 0 2 NA

3180_edugame2023_b675b2e3c3e9441f9decfc9033ac57d9_fc33d3bd85b1432f89a5f4e4b8afdc56.wav
index:  [1]
0 1 1 1 1 1 0 1 1 2 1 0
0 0 1 1 1 1 0 1 1 2 1 0

3181_edugame2023_bb441ba25c584a249b6c757e15e71d37_2cc6eb93f631452abaff4944da3edccc.wav
index:  [5]
0 2 0 0 2 2 2 2 0 0 2 1
0 2 0 0 2 0 2 2 0 0 2 1

3182_edugame2023_779f4e2e4e9d47e1b7c81db1db880b78_853163986ff2415b926eca0f31891eaa.wav
index:  [0, 1, 2, 3, 4, 5, 6, 7, 8, 9, 10, 11]
NA NA NA NA NA NA NA NA NA NA NA NA
0 0 0 0 0 0 0 0 0 0 0 0

3182_edugame2023_f3f5a442756a47a0895c9e12308b91b3_1e69858b467f4151ba7af03a3b78f140.wav
index:  [0, 1, 2, 3, 4, 5, 6, 7, 8, 9, 10, 11]
NA NA NA NA NA NA NA NA NA NA NA NA
0 0 0 0 0 0 0 0 0 0 0 0

3183_edugame2023_3563f33d555d42b0bc375b13507c06f6_bc747f8c68254bcab228a65ce7b2002a.wav
index:  [4]
2 2 0 0 0 2 1 2 2 0 1 2
2 2 0 0 2 2 1 2 2 0 1 2

3185_edugame2023_72d6fc4073c1440197e61b29f068fd14_60c14d13d28d475686dc4089b3bea82e.wav
index:  [1]
2 1 2 0 2 0 0 0 0 2 1 1
2 0 2 0 2 0 0 0 0 2 1 1

3185_edugame2023_72d6fc4073c1440197e61b29f068fd14_c5e5c7a6cfa84589a7efa3c706950200.wav
index:  [4]
0 0 0 0 2 2 0 0 0 0 0 NA
0 0 0 0 0 2 0 0 0 0 0 NA

3187_edugame2023_a00de16292df40419151d0a2c71b2efb_889568dbdfe9441fa6b0139054737e1e.wav
index:  [7]
1 0 1 0 2 2 1 1 0 0 1 2
1 0 1 0 2 2 1 0 0 0 1 2

3187_edugame2023_a00de16292df40419151d0a2c71b2efb_c1f5bd9c82224cc9af55ba015596bcb5.wav
index:  [4]
2 2 1 2 0 2 2 1 2 2 2 2
2 2 1 2 1 2 2 1 2 2 2 2

3401_edugame2023_3d3600a19e43465eb5c4f0eb9473ece9_0d1a5a577a034f7f96dafa49b0022add.wav
index:  [0, 1, 2, 3, 4, 5, 6, 7, 8, 9, 10, 11]
NA NA NA NA NA NA NA NA NA NA NA NA
0 0 0 0 0 0 0 0 0 0 0 0

3401_edugame2023_3d3600a19e43465eb5c4f0eb9473ece9_1ed0a66932f0458990302d4e63b0820c.wav
index:  [0, 1, 2, 3, 4, 5, 6, 7, 8, 9, 10, 11]
NA NA NA NA NA NA NA NA NA NA NA NA
0 0 0 0 0 0 0 0 0 0 0 0

3401_edugame2023_3d3600a19e43465eb5c4f0eb9473ece9_2e75ccab1e404f4daf79f95ccd604497.wav
index:  [8, 9, 11]
0 1 0 2 2 0 2 2 NA NA 2 NA
0 1 0 2 2 0 2 2 0 0 2 0

3401_edugame2023_3d3600a19e43465eb5c4f0eb9473ece9_87ff726ba2a349c4aaba95553ddb6c8b.wav
index:  [0, 1, 2, 3, 4, 5, 6, 7, 8, 9, 10, 11]
NA NA NA NA NA NA NA NA NA NA NA NA
0 0 0 0 0 0 0 0 0 0 0 0

3402_edugame2023_7cd15abe93744d9c91f5e915fc9511df_3d516029d21e4a66b75eadcd49664ab1.wav
index:  [4]
1 1 2 2 0 2 2 0 2 2 1 0
1 1 2 2 2 2 2 0 2 2 1 0

3403_edugame2023_b43f11dfd53c45a1866597aaacc408b2_5b74c0b1a54843c5a033493a1aa0dbe3.wav
index:  [5]
0 1 1 0 1 1 0 1 0 2 1 0
0 1 1 0 1 0 0 1 0 2 1 0

3403_edugame2023_b43f11dfd53c45a1866597aaacc408b2_655325185eb4467f9d208fab629add21.wav
index:  [4]
0 0 1 1 0 0 1 0 2 1 0 1
0 0 1 1 1 0 1 0 2 1 0 1

3404_edugame2023_6bad9a53d7424d9eb4a3c32418f2fe65_ffecd77cb7b6410c8e5fed670bcc0d03.wav
index:  [8]
2 1 0 1 2 0 1 1 2 1 0 2
2 1 0 1 2 0 1 1 0 1 0 2

3404_edugame2023_c44d1709123c4e64b5620a37c0860dd9_b64105bbe485481e8c8c3aa6ab603c26.wav
index:  [11]
2 2 1 1 2 0 1 0 2 2 2 1
2 2 1 1 2 0 1 0 2 2 2 0

3404_edugame2023_c44d1709123c4e64b5620a37c0860dd9_f6f9f55a03074fd6b086797db1e7cb13.wav
index:  [4]
2 2 0 0 0 2 1 1 2 0 0 1
2 2 0 0 2 2 1 1 2 0 0 1

3405_edugame2023_222571f93b1649dd88e4c12a8cdf0774_19c827048ecb4e6c8fd31d7843087427.wav
index:  [0, 2, 3]
2 2 1 0 0 0 1 1 1 1 0 1
0 2 2 1 0 0 1 1 1 1 0 1

3405_edugame2023_222571f93b1649dd88e4c12a8cdf0774_88c17ecf50ea47c6b85b29c99db78b27.wav
index:  [5]
2 2 2 2 1 2 1 NA NA NA NA NA
2 2 2 2 1 0 1 NA NA NA NA NA

3405_edugame2023_222571f93b1649dd88e4c12a8cdf0774_98f87cfaf4c54f989aeed98d5d91e491.wav
index:  [0]
2 2 1 1 2 0 1 1 2 2 0 2
0 2 1 1 2 0 1 1 2 2 0 2

3407_edugame2023_8f88e8025a4743299b7785ae1ad9922e_0d77d0c00ebb429cb867faf1f50b0874.wav
index:  [4]
1 2 1 0 0 2 1 1 2 2 0 1
1 2 1 0 2 2 1 1 2 2 0 1

3407_edugame2023_f70892d581a84f92afcf04c674b4f0f5_96c82c0362954711bc08b43cf61a9b15.wav
index:  [10]
2 1 2 1 2 1 0 1 2 1 2 2
2 1 2 1 2 1 0 1 2 1 0 2

3408_edugame2023_eefbc24320c2443b95030a364427f22d_9211053089304992979f94bcf9dc6766.wav
index:  [2]
0 0 0 0 0 0 0 0 1 2 0 0
0 0 2 0 0 0 0 0 1 2 0 0

3410_edugame2023_24ee0ac48bf743648bde0a1b6ab62a63_408ab35621ab4efe8f711882096ca452.wav
index:  [4]
0 1 0 0 2 2 2 0 0 0 1 0
0 1 0 0 0 2 2 0 0 0 1 0

3410_edugame2023_24ee0ac48bf743648bde0a1b6ab62a63_a3e96af9db2340c78efd57290039a982.wav
index:  [1, 2]
2 1 2 2 2 2 2 1 2 2 1 1
2 0 0 2 2 2 2 1 2 2 1 1

3411_edugame2023_dc2803354f504d52b183f115e06fe140_8bc4a0ee5a20402b9c00010e4f64ddb2.wav
index:  [5]
2 1 1 1 2 1 1 0 2 1 2 1
2 1 1 1 2 0 1 0 2 1 2 1

3411_edugame2023_ff50c0d84285490facb054b12c676d18_af03f9960f6949d3915254f4e0df57db.wav
index:  [2, 8, 11]
2 2 NA 2 2 1 0 1 NA 2 2 NA
2 2 0 2 2 1 0 1 0 2 2 0

3411_edugame2023_ff50c0d84285490facb054b12c676d18_b54e0f4d4d1e4beebfb2032cb225b632.wav
index:  [3, 4, 5]
2 2 2 NA NA NA 1 0 1 1 1 1
2 2 2 0 0 0 1 0 1 1 1 1

3411_edugame2023_ff50c0d84285490facb054b12c676d18_eb119ea5057c464b8317dc36f47d5704.wav
index:  [0, 1, 2, 5, 6, 7, 8, 9]
NA NA NA 1 1 NA NA NA NA NA 1 0
0 0 0 1 1 0 0 0 0 0 1 0

3416_edugame2023_4b69f9a15a644a4ab4fe31d9316113cc_66d3208d7adf4e9dbc827054404b9de0.wav
index:  [10]
2 2 2 1 2 2 1 1 1 0 1 1
2 2 2 1 2 2 1 1 1 0 0 1

3416_edugame2023_561c8ad955b24f5c8837d35f62d6d532_14cf9fd457b340749bf67bff127b0e2f.wav
index:  [7]
0 1 1 1 2 1 0 2 1 2 1 1
0 1 1 1 2 1 0 0 1 2 1 1

3419_edugame2023_c0fd5fc65b334f35a33b1771182b078d_e89b5115b4d54a549a74e92e9c941095.wav
index:  [10, 11]
0 2 0 0 2 0 0 0 2 2 NA NA
0 2 0 0 2 0 0 0 2 2 0 0

3420_edugame2023_6529f300f3434fd7a0944e2f20531706_5fa12ad863c74309abc4af3228904b76.wav
index:  [1]
2 1 2 1 1 0 1 1 2 2 2 1
2 0 2 1 1 0 1 1 2 2 2 1

3421_edugame2023_465f5e1324344243be0005b35b87c4f3_2849a4bd9d744fbb8f7bee027139971c.wav
index:  [2]
2 1 2 2 2 2 1 1 2 2 2 2
2 1 0 2 2 2 1 1 2 2 2 2

3423_edugame2023_f35ebc6aefeb4aeb88d6fb92344210ba_22a186ad76634f60801c2c324f566328.wav
index:  [11]
2 1 0 1 1 0 1 0 2 2 1 NA
2 1 0 1 1 0 1 0 2 2 1 0

3424_edugame2023_a3174ee9d0ff45a9b9bbf07f9a7abef1_7a50580129764a4bbb01654110d23c9c.wav
index:  [5]
0 1 1 0 0 1 0 1 1 2 0 2
0 1 1 0 0 0 0 1 1 2 0 2

3701_edugame2023_2d7744818dbb4ca9865058a14944d867_984a701ad7d34907a183aea72679ae32.wav
index:  [3]
1 2 2 0 2 2 1 0 2 2 2 2
1 2 2 1 2 2 1 0 2 2 2 2

3707_edugame2023_1f51364a89954942b08ca7c4bb4e7459_9205f68a0ee34f7bb2705e39cb8da884.wav
index:  [5]
2 0 2 1 2 2 2 2 2 2 0 0
2 0 2 1 2 0 2 2 2 2 0 0

3707_edugame2023_1f51364a89954942b08ca7c4bb4e7459_d1d37ead66934a73a3aba0efdd57b4b9.wav
index:  [8]
2 2 2 2 2 0 1 0 2 2 1 1
2 2 2 2 2 0 1 0 0 2 1 1

3707_edugame2023_e393e0f5c284454b970750ddd0e545b3_dddc73876f2a485988309adf5e18f51e.wav
index:  [1, 2]
0 NA NA 2 2 2 0 1 2 0 0 0
0 0 0 2 2 2 0 1 2 0 0 0

3708_edugame2023_f58d94c95af94ad49f3b6dd6d0345f36_11b76721c244400193f4b7de0f2f487e.wav
index:  [11]
2 2 2 1 2 2 2 2 2 2 1 2
2 2 2 1 2 2 2 2 2 2 1 0

3711_edugame2023_791896d286344b9481cee0c25967cfcf_c7bf1e6907454ed9b1e9fa8f2da99662.wav
index:  [4]
0 2 0 0 0 2 2 1 2 2 0 0
0 2 0 0 2 2 2 1 2 2 0 0

3711_edugame2023_aefa79ec3bc145bf936d3cd8b5c1b3a6_9fecf1bbe8ee4763ba03fd4705af348e.wav
index:  [3]
0 1 1 0 2 1 0 0 2 2 0 2
0 1 1 1 2 1 0 0 2 2 0 2

3712_edugame2023_4f3851d570c245669a22facf5ea996c1_0c102523084f45eeb240a95de1b36afb.wav
index:  [0, 1, 2, 3, 4, 5, 6, 7, 8, 9, 10, 11]
NA NA NA NA NA NA NA NA NA NA NA NA
0 0 0 0 0 0 0 0 0 0 0 0

3712_edugame2023_4f3851d570c245669a22facf5ea996c1_d5ff7f535b524e7897ee1058042f875a.wav
index:  [5]
0 0 0 0 2 0 NA NA NA NA NA NA
0 0 0 0 2 NA NA NA NA NA NA NA

3712_edugame2023_c2494bdd86444702b6e6c648b1bace8b_5d9776fc9a434b7c8a0413b9957058da.wav
index:  [0, 1, 2, 3, 4, 5, 6, 7, 8, 9, 10, 11]
0 0 0 0 0 0 0 0 0 0 0 0
NA NA NA NA NA NA NA NA NA NA NA NA

3713_edugame2023_7364de49d61d48e1aa69785cc64988c1_aec8423d65484153850908c2461ad2e6.wav
index:  [9]
2 0 2 2 2 2 2 2 2 2 1 2
2 0 2 2 2 2 2 2 2 0 1 2

3713_edugame2023_7364de49d61d48e1aa69785cc64988c1_f42bff54d8f842089cc46a2753abd748.wav
index:  [8]
2 2 2 2 1 0 2 2 2 2 1 2
2 2 2 2 1 0 2 2 0 2 1 2

3715_edugame2023_133ad28ca5ca40bfbc0fd075d23c0b56_71da08a1c4b54f60ad3ebbb3448965f7.wav
index:  [3]
2 2 2 NA 2 0 0 0 1 1 0 1
2 2 2 0 2 0 0 0 1 1 0 1

3715_edugame2023_133ad28ca5ca40bfbc0fd075d23c0b56_9dafa86f68794021887cce40042171cf.wav
index:  [4]
1 2 0 0 0 0 1 1 2 2 0 0
1 2 0 0 2 0 1 1 2 2 0 0

3715_edugame2023_3815f04d89a84aab8ee59725ae59640b_d795f2f0f1e7487ebe7f151f66e3a6b0.wav
index:  [8]
1 1 1 0 1 2 0 0 0 2 0 0
1 1 1 0 1 2 0 0 1 2 0 0

3724_edugame2023_07f922437bea40a1bc079b651ac6abd3_1693f9750ae947e191f09a9ec6b67a27.wav
index:  [4]
0 0 0 0 0 0 0 0 0 0 NA NA
0 0 0 0 1 0 0 0 0 0 NA NA

3724_edugame2023_07f922437bea40a1bc079b651ac6abd3_a2939e73620e430d83b265c38c6e18cf.wav
index:  [4]
0 0 1 0 0 2 1 NA NA NA NA NA
0 0 1 0 2 2 1 NA NA NA NA NA

3725_edugame2023_9d339da40d3b43eba8b0aebdb0d83c01_830efe635b664d33846cabc5a77eea3e.wav
index:  [6, 7, 8, 9]
1 1 1 2 0 0 NA NA NA NA 1 0
1 1 1 2 0 0 0 0 0 0 1 0

3726_edugame2023_a763edcc640743dbbc1b56f1ea8a7ec9_c9065256b2b6469db93ef2832a4d504d.wav
index:  [10]
2 2 2 2 2 2 1 1 1 1 1 1
2 2 2 2 2 2 1 1 1 1 0 1

3727_edugame2023_302578ea2c9b4c9b90c2d464cc282439_07d80a22c87343b1adfa0f161c6e7f63.wav
index:  [8]
2 1 2 1 2 1 0 1 2 2 2 2
2 1 2 1 2 1 0 1 0 2 2 2

3729_edugame2023_471dceaf9f6a4328aa8c4e416a29ecab_e0dd50aead134723843de8fe6f67ddf6.wav
index:  [4]
1 2 1 0 0 2 1 1 0 2 0 1
1 2 1 0 2 2 1 1 0 2 0 1

3736_edugame2023_28885fed2d7d4f1c8ad5a797f6154114_744f0ae95b4549b9af552460340bcc03.wav
index:  [0, 1, 2, 3, 4, 5, 6, 7, 8, 9, 10, 11]
NA NA NA NA NA NA NA NA NA NA NA NA
0 0 0 0 0 0 0 0 0 0 0 0

3736_edugame2023_28885fed2d7d4f1c8ad5a797f6154114_da834e4808d545bdb3e299f2b691a2c1.wav
index:  [0, 1, 2, 3, 4, 5, 6, 7, 8, 9, 10, 11]
NA NA NA NA NA NA NA NA NA NA NA NA
0 0 0 0 0 0 0 0 0 0 0 0

3737_edugame2023_02baca7dae86489eb41d678222a9f9ac_0a29c382a3bd4cb198abd863e8d3cb42.wav
index:  [6]
1 1 1 0 0 1 2 0 2 0 1 1
1 1 1 0 0 1 0 0 2 0 1 1

3737_edugame2023_02baca7dae86489eb41d678222a9f9ac_8eba10f5992645329ee6db63edca107c.wav
index:  [6]
2 1 2 1 2 0 2 2 2 0 2 2
2 1 2 1 2 0 0 2 2 0 2 2

3737_edugame2023_13b7203fb3cd43f9a23d6f92c25a4ce1_702fb0e84de64247a2c95b4c260de354.wav
index:  [11]
2 2 1 2 1 0 2 2 2 2 2 1
2 2 1 2 1 0 2 2 2 2 2 0

3737_edugame2023_13b7203fb3cd43f9a23d6f92c25a4ce1_787f4986a7db4badb68651bc313b7842.wav
index:  [11]
0 2 0 1 2 2 2 2 1 1 0 1
0 2 0 1 2 2 2 2 1 1 0 NA

3739_edugame2023_19c2eb116c864c6da505f5c083e808a4_7c3a35ef4c0a436abb4882cbe48bf8b3.wav
index:  [0, 1, 2, 3, 4, 5, 6, 7, 8, 9, 10, 11]
NA NA NA NA NA NA NA NA NA NA NA NA
0 0 0 0 0 0 0 0 0 0 0 0

3739_edugame2023_19c2eb116c864c6da505f5c083e808a4_8acb70826615486ab60952cb128f02fa.wav
index:  [0, 1, 2, 3, 4, 5, 6, 7, 8, 9, 10, 11]
NA NA NA NA NA NA NA NA NA NA NA NA
0 0 0 0 0 0 0 0 0 0 0 0

3739_edugame2023_e98bb4ab323147f989df4986d7289e26_1806ad601fb24920880318625c27e945.wav
index:  [0, 1, 2, 3, 4, 5, 6, 7, 8, 9, 10]
NA NA NA NA NA NA NA NA NA NA NA 2
0 0 0 0 0 0 0 0 0 0 0 2

3739_edugame2023_e98bb4ab323147f989df4986d7289e26_3a1a9de31d604daeb7aafa4ba0f16faa.wav
index:  [1, 2, 3, 4, 5, 6, 7, 8, 9, 10, 11]
2 NA NA NA NA NA NA NA NA NA NA NA
2 0 0 0 0 0 0 0 0 0 0 0

3740_edugame2023_a9db0395917c41f7b1222c9a0cf19195_36ec06beb435429692ba9ec3953e23bd.wav
index:  [3]
1 1 1 0 2 1 0 0 1 2 1 0
1 1 1 1 2 1 0 0 1 2 1 0

3740_edugame2023_e6bda514c4a14cad8404465e474ea0d7_39ca136235564f6bbf7a828155e7c13f.wav
index:  [10]
2 2 1 0 2 2 2 2 1 2 1 1
2 2 1 0 2 2 2 2 1 2 0 1

3740_edugame2023_e6bda514c4a14cad8404465e474ea0d7_fec236c1acbb459789d524ff07abe091.wav
index:  [3]
1 1 1 NA 2 2 2 0 2 0 NA NA
1 1 1 0 2 2 2 0 2 0 NA NA

3742_edugame2023_a5c718f23a2c4a5785e270030cda11a2_89d086a52788449d9c7071504e7d0a62.wav
index:  [5]
1 1 1 1 2 1 0 0 1 2 0 1
1 1 1 1 2 0 0 0 1 2 0 1

3742_edugame2023_a5c718f23a2c4a5785e270030cda11a2_96f473cdd9b84853a8c56d1652a9116b.wav
index:  [5]
0 2 0 1 2 1 0 1 2 1 2 2
0 2 0 1 2 0 0 1 2 1 2 2

3743_edugame2023_4b770956576f485abe959ae98eb1c743_1dc95a63ec534236a5494f80e3dee49b.wav
index:  [0, 1, 2, 3, 4, 5, 6, 7, 8, 9, 10, 11]
NA NA NA NA NA NA NA NA NA NA NA NA
0 0 0 0 0 0 0 0 0 0 0 0

3743_edugame2023_4b770956576f485abe959ae98eb1c743_418b7b26db254bf6a219bd0ddb1078f1.wav
index:  [0, 1, 2, 3, 4, 5, 6, 7, 8, 9, 10, 11]
NA NA NA NA NA NA NA NA NA NA NA NA
0 0 0 0 0 0 0 0 0 0 0 0

3744_edugame2023_1ed8d002f70440adb5f32bad8fe10d02_c638bfd1069441dba070fbdaaa6a742c.wav
index:  [7]
2 1 1 0 2 1 2 1 2 2 2 2
2 1 1 0 2 1 2 0 2 2 2 2

3745_edugame2023_ed8f27293920427eb5c37573fb4b43a5_6fab6fcdff35452c96598290f28cef7a.wav
index:  [11]
2 2 1 0 2 2 1 2 2 2 2 2
2 2 1 0 2 2 1 2 2 2 2 0

3746_edugame2023_bfc604ce032945d0885c6e6e564503e5_3387ca6b55be48b8a8ea7d8db3ac18ec.wav
index:  [7]
2 2 2 0 2 2 0 2 0 2 0 2
2 2 2 0 2 2 0 0 0 2 0 2

3748_edugame2023_1e9af07520274b5e8c955a7d895e62ff_0345497ab86d488f8586050ad86180ee.wav
index:  [4]
0 0 0 0 0 2 0 0 0 0 0 0
0 0 0 0 2 2 0 0 0 0 0 0

3748_edugame2023_1e9af07520274b5e8c955a7d895e62ff_0901966c7520402d97090c48bf6b67fe.wav
index:  [0]
2 0 2 0 0 2 0 1 2 2 1 2
0 0 2 0 0 2 0 1 2 2 1 2

3751_edugame2023_0625813f319b4b209f3a769b8cfe971c_d0ac0c5f582642f3813569296ec56d80.wav
index:  [6]
2 1 1 0 2 1 2 2 2 1 2 2
2 1 1 0 2 1 0 2 2 1 2 2

3751_edugame2023_a70298cb02e24691b7a1875cbdae6ebf_384097caeaf948ff92a13819120ccb8a.wav
index:  [5]
2 2 2 1 2 2 1 1 2 1 2 2
2 2 2 1 2 0 1 1 2 1 2 2

3752_edugame2023_20e0d76244bf42e18b8092e635770418_b87542110e10480e976f572ef8c65266.wav
index:  [4]
1 1 1 1 2 1 0 1 1 2 1 1
1 1 1 1 0 1 0 1 1 2 1 1

3753_edugame2023_978cbca48b7a4223968134294bdaeae8_78deee93ec99446d8e76f308502ecc50.wav
index:  [5]
0 0 0 2 2 1 0 0 NA NA NA NA
0 0 0 2 2 0 0 0 NA NA NA NA

3753_edugame2023_978cbca48b7a4223968134294bdaeae8_da716152aaa14ad2acb13b3db40b6050.wav
index:  [2, 3]
0 0 0 0 NA NA NA NA NA NA NA NA
0 0 NA NA NA NA NA NA NA NA NA NA NA

3754_edugame2023_22ca2dc32e384519abfb53113bf15e1a_7854b6aa6ac74caca767b01053795237.wav
index:  [6]
2 2 2 0 2 1 2 2 2 0 0 2
2 2 2 0 2 1 0 2 2 0 0 2

3754_edugame2023_a0af10e4057446379a9f9fe21f0d0b13_933dadf0b9864ffd8c569c47820249a9.wav
index:  [3]
0 1 0 1 2 2 2 1 1 1 1 1
0 1 0 0 2 2 2 1 1 1 1 1

4002_edugame2023_812af96a009d49578c5c4fb60c1ca003_a7fbc3425b934874ab2d91bd6508ffdc.wav
index:  [7, 8]
2 2 0 0 0 0 0 NA NA 2 1 0
2 2 0 0 0 0 0 0 0 2 1 0

4004_edugame2023_47bd18aa93dc4538975773d0e145e7f6_858d24281d064f0e9ec384cf81232009.wav
index:  [3]
0 0 0 0 0 0 0 0 0 2 1 0
0 0 0 2 0 0 0 0 0 2 1 0

4004_edugame2023_61e7163517524f2ba156d9fe01df6462_2037a2f4f53d4dbdaf1f84a23863739f.wav
index:  [4]
0 2 0 2 0 2 2 1 0 0 1 0
0 2 0 2 2 2 2 1 0 0 1 0

4005_edugame2023_3e31fa06275d4e17929bf1ecc9206f3c_04db193653e0487cabdfe619225bd036.wav
index:  [9]
1 1 0 0 0 0 0 1 0 NA NA NA
1 1 0 0 0 0 0 1 0 0 NA NA

4005_edugame2023_3e31fa06275d4e17929bf1ecc9206f3c_3019650647374c4fb61066558329dc6d.wav
index:  [7]
0 0 0 0 0 2 0 0 NA NA NA NA
0 0 0 0 0 2 0 NA NA NA NA NA

4005_edugame2023_3e31fa06275d4e17929bf1ecc9206f3c_48e55b9692874a54bbac8c4b0d825400.wav
index:  [1, 2, 3, 4, 5, 6, 7, 8, 9, 10, 11]
1 NA NA NA NA NA NA NA NA NA NA NA
1 0 0 0 0 0 0 0 0 0 0 0

4007_edugame2023_2ca76d4da38441d682db7fae92f46ca3_e32efa854d7648b0b0105b6257df9dc5.wav
index:  [4]
2 2 2 2 2 2 2 0 2 2 2 2
2 2 2 2 0 2 2 0 2 2 2 2

4008_edugame2023_161da1d1e2484e04a12eae3586ac2237_47ab102526ed4899892caeaab152e1d8.wav
index:  [4]
0 2 2 1 2 2 0 2 2 2 2 2
0 2 2 1 0 2 0 2 2 2 2 2

4010_edugame2023_8b89f7df7dc2443891c123e42e780728_c366389e71d147d8a4f4e6d6994f3a57.wav
index:  [6, 8]
2 1 0 2 2 0 2 1 1 2 2 2
2 1 0 2 2 0 0 1 0 2 2 2

4010_edugame2023_d51a8503eb514d31a2ce889ace5f94db_54f0c1875b334927a831fe83d2083206.wav
index:  [10]
2 1 2 1 1 2 2 2 0 2 1 2
2 1 2 1 1 2 2 2 0 2 0 2

4010_edugame2023_d51a8503eb514d31a2ce889ace5f94db_903b467c970845b59c9f463d6a9fb3c3.wav
index:  [4]
1 1 1 0 0 2 1 1 2 2 1 1
1 1 1 0 2 2 1 1 2 2 1 1

4011_edugame2023_139457e1d4ab4189978e494ad1c65b06_40af0d52d9bc47c6ad837bb176b9a7ff.wav
index:  [5, 6]
0 0 0 0 0 0 2 0 0 NA NA NA
0 0 0 0 0 2 0 0 0 NA NA NA

4011_edugame2023_d7b4c8c9103f4b15852a4d530293a2af_160e86471abe46eb9a70772f7414a7ed.wav
index:  [10]
0 0 0 0 0 0 0 1 1 0 NA NA
0 0 0 0 0 0 0 1 1 0 0 NA

4014_edugame2023_26c48faeff8a4b3a82336f3aaf860c1d_b5dabd7cc24e4157b69b7a33b0b6d345.wav
index:  [4]
2 0 0 0 0 2 2 0 0 0 0 0
2 0 0 0 2 2 2 0 0 0 0 0

4014_edugame2023_949b55c6bf8b470d8f50ddf6f2d2067b_c4e86ce5333e49afa8757d19d01fc150.wav
index:  [5, 6, 7, 8, 9, 10, 11]
2 0 0 2 1 NA NA NA NA NA NA NA
2 0 0 2 1 0 0 0 0 0 0 0

4014_edugame2023_949b55c6bf8b470d8f50ddf6f2d2067b_dd876112850845fa971187b974e06693.wav
index:  [6, 7, 8, 9, 10, 11]
2 0 0 0 2 0 NA NA NA NA NA NA
2 0 0 0 2 0 0 0 0 0 0 0

4015_edugame2023_aff16cf2dcf74a39a18999a6e7899f9c_d329b92f1c7b4b549d6ea797840cbc22.wav
index:  [5]
2 2 2 2 2 2 2 1 0 2 0 2
2 2 2 2 2 0 2 1 0 2 0 2

4017_edugame2023_c5df17318b714beb9b35c5694ff7707f_a4bbe42105c34e06b3cb432321d06fdb.wav
index:  [4, 7]
0 1 1 0 0 2 2 1 0 0 0 0
0 1 1 0 2 2 2 0 0 0 0 0

4017_edugame2023_c5df17318b714beb9b35c5694ff7707f_f9509b43a5d64d7dbde37fb6e2cd372d.wav
index:  [8]
0 0 0 2 1 2 1 1 2 2 1 1
0 0 0 2 1 2 1 1 0 2 1 1

4017_edugame2023_eed1ed30103843f89105becb2bca9769_47596de92ea5410f8a13ae6e1d3212ba.wav
index:  [9]
0 0 2 0 2 0 0 0 0 1 0 0
0 0 2 0 2 0 0 0 0 0 0 0

4017_edugame2023_eed1ed30103843f89105becb2bca9769_7b49e9b347af43be8109c41ba5cd9a88.wav
index:  [6]
0 2 0 0 0 0 2 0 0 0 0 1
0 2 0 0 0 0 0 0 0 0 0 1

4018_edugame2023_3cbbcd8ff38d488b80c0ebff768ca36a_10829087203441d49a1ec65fa2f25615.wav
index:  [4]
2 2 1 1 0 2 2 2 2 2 2 2
2 2 1 1 2 2 2 2 2 2 2 2

4019_edugame2023_1294c8731e954c39a2cd7d72b7ea9ef3_7ff2e9016475464ca273132feb07ff5f.wav
index:  [9]
2 1 0 0 0 0 1 1 1 2 0 0
2 1 0 0 0 0 1 1 1 0 0 0

4020_edugame2023_15f6405f1e774b9db1efcca48fa32382_aaa177341c754da59d516ff7b2b2b2d7.wav
index:  [0, 1, 2, 3, 4, 5, 6, 7, 8, 9, 10, 11]
NA NA NA NA NA NA NA NA NA NA NA NA
0 0 0 0 0 0 0 0 0 0 0 0

4020_edugame2023_1a1a855bd0e14af685825abea10c2e49_137bbaaabe9f45399bd0b10b1576070f.wav
index:  [0, 1, 2, 3, 4, 5, 6, 7, 8, 9, 10, 11]
NA NA NA NA NA NA NA NA NA NA NA NA
0 0 0 0 0 0 0 0 0 0 0 0

4023_edugame2023_2c0c9d7e7af24547ae0e809494dfc1f7_5e23ce98d6a745d7b76f354cd9b9204c.wav
index:  [8]
2 0 0 0 2 0 0 2 2 2 1 1
2 0 0 0 2 0 0 2 0 2 1 1

4023_edugame2023_2c0c9d7e7af24547ae0e809494dfc1f7_f64a869bc0af4d8892b914baebfb414c.wav
index:  [2]
0 0 0 0 0 0 0 0 2 0 2 0
0 0 1 0 0 0 0 0 2 0 2 0

4023_edugame2023_41c94e9685794f08bf9221ce51680ff7_3632f132bfec4aa7805cee8d6693184d.wav
index:  [4]
1 2 0 0 0 0 2 1 2 2 2 0
1 2 0 0 2 0 2 1 2 2 2 0

4023_edugame2023_41c94e9685794f08bf9221ce51680ff7_63c67deb859a4abeaaa78e3098b8e0a1.wav
index:  [2]
2 0 2 1 1 0 0 2 2 2 1 2
2 0 0 1 1 0 0 2 2 2 1 2

4024_edugame2023_e6a73eb4f6c645a28b488415efbdf1fb_c7be5aaacf0340b8857abf85268482bd.wav
index:  [10]
2 1 2 0 2 1 2 0 1 0 2 1
2 1 2 0 2 1 2 0 1 0 0 1

4025_edugame2023_2c8db100a62b4c9a879383f8812b0ff4_746bb4e5336e4f2f8ea13d31acaaa2f1.wav
index:  [9]
2 0 0 0 2 2 2 2 2 2 2 0
2 0 0 0 2 2 2 2 2 0 2 0

4025_edugame2023_2c8db100a62b4c9a879383f8812b0ff4_adf900912b164e4c86f891f4246a29b4.wav
index:  [6]
1 1 1 1 2 2 2 1 0 0 1 2
1 1 1 1 2 2 0 1 0 0 1 2

4025_edugame2023_2c8db100a62b4c9a879383f8812b0ff4_bd9664a904664e1f9cd606b9e9878888.wav
index:  [8]
2 0 1 1 2 0 2 2 2 2 2 2
2 0 1 1 2 0 2 2 0 2 2 2

4026_edugame2023_05829f3fa81b4f4db2a0dfd5157a56ff_06cd645df8ca45e9a9edbfe60402a7c9.wav
index:  [4]
0 1 1 0 NA NA NA NA NA NA NA NA
0 1 1 0 0 NA NA NA NA NA NA NA

4026_edugame2023_05829f3fa81b4f4db2a0dfd5157a56ff_86f434cfece241dc9852a031df0d8518.wav
index:  [7]
1 1 2 0 2 1 0 1 0 0 0 0
1 1 2 0 2 1 0 0 0 0 0 0

3186_edugame2023_146c5921553446e0a44780bdef8d573b_cdc819dc23274525a02a5ce659dc2b43.wav
index:  [11]
2 2 2 0 0 2 1 2 2 0 0 0
2 2 2 0 0 2 1 2 2 0 0 2

4022_edugame2023_cccff3168faa47cf9058298651ad73c8_054d2d4727984de1a12195df12d51e81.wav
index:  [4, 5, 6, 11]
0 0 0 0 NA NA NA 0 0 1 0 1
0 0 0 0 0 0 0 0 0 1 0 0
